all-time
total-minutes-worked:4
total-hours-worked:0.06666666666666667

    pythodoro
    total-minutes-worked:4
    total-hours-worked:0.06666666666666667


9/10/2019
total-minutes-worked:4
total-hours-worked:0.06666666666666667

    pythodoro
    total-minutes-worked:4
    total-hours-worked:0.06666666666666667



