all-time
total-minutes-worked:18
total-hours-worked:0.3

    love
    total-minutes-worked:13
    total-hours-worked:0.21666666666666667


9/7/2019
total-minutes-worked:14
total-hours-worked:0.23333333333333334

    love
    total-minutes-worked:13
    total-hours-worked:0.21666666666666667



