all-time
total-minutes-worked:131
total-hours-worked:2.183333333333333

    love
    total-minutes-worked:23
    total-hours-worked:0.38333333333333336


9/9/2019
total-minutes-worked:131
total-hours-worked:2.183333333333333

    love
    total-minutes-worked:23
    total-hours-worked:0.38333333333333336



